		HP 					HP 					HP 					HP 				
Descrição		5/11/2026	5/12/2026	5/13/2026	5/14/2026	5/15/2026	5/18/2026	5/19/2026	5/20/2026	5/21/2026	5/22/2026	5/25/2026	5/26/2026	5/27/2026	5/28/2026	5/29/2026	6/1/2026	6/2/2026	6/3/2026	6/5/2026	6/8/2026
Recebidas pelo Monitor		16	21	23	21	33	13	0	23	24	13	29	18	20	27	24	11	12	8	21	
davi.vales		16	21	23	21	33	13	0	23	24	13	29	18	20	27	24	11	12	8	21	
Recebidas pela Pré-nota		4	4	17	5	9	21	23	4	8	5	8	5	6	4	5	8	15	24	9	
davi.vales	side	4	4	17	5	9	21	23	4	8	5	8	5	6	4	5	8	15	24	9	
Escrituradas pelo robô		12	15	19	18	26	7	0	19	19	7	24	10	14	17	17	6	10	4	17	
Total		20	25	40	26	42	34	23	27	32	18	37	23	26	31	29	19	27	32	30	
																					
		URBI - Recanto					URBI - Recanto					URBI - Recanto					URBI - Recanto				
Descrição		5/11/2026	5/12/2026	5/13/2026	5/14/2026	5/15/2026	5/18/2026	5/19/2026	5/20/2026	5/21/2026	5/22/2026	5/25/2026	5/26/2026	5/27/2026	5/28/2026	5/29/2026	6/1/2026	6/2/2026	6/3/2026	6/5/2026	6/8/2026
Recebidas pelo Monitor		11	1	8	20	4	8	2	9	13	15	11	8	14	8	9	9	5	7	14	
LUIZ.FELIPE		11	1	8	20	4	8	2	9	13	15	11	8	14	8	9	9	5	7	14	
Recebidas pela Pré-nota		6	32	4	5	4	10	12	5	4	4	12	12	3	2	3	4	21	18	3	
LUIZ.FELIPE		6	32	4	5	4	10	12	5	4	4	12	12	3	2	3	4	21	18	3	
Escrituradas pelo robô		11	1	8	19	3	7	2	9	13	12	11	4	13	7	9	6	3	5	9	
Total		17	33	12	25	8	18	14	14	17	19	23	20	17	10	12	13	26	25	17	
																					
		URBI - Samambaia					URBI - Samambaia					URBI - Samambaia					URBI - Samambaia				
Descrição		5/11/2026	5/12/2026	5/13/2026	5/14/2026	5/15/2026	5/18/2026	5/19/2026	5/20/2026	5/21/2026	5/22/2026	5/25/2026	5/26/2026	5/27/2026	5/28/2026	5/29/2026	6/1/2026	6/2/2026	6/3/2026	6/5/2026	6/8/2026
Recebidas pelo Monitor		0	0	3	10	8	4	0	12	7	7	8	13	9	14	15	8	2	3	8	
JOAO.LEITE		0	0	3	10	8	4	0	12	7	7	8	13	9	14	15	8	2	3	8	
Recebidas pela Pré-nota		13	14	19	14	5	21	18	5	14	20	18	8	18	9	6	4	17	14	6	
JOAO.LEITE		13	14	19	14	5	21	18	5	14	20	18	8	18	9	6	4	17	14	6	
Escrituradas pelo robô		0	0	2	8	6	4	0	10	6	5	8	12	9	13	13	6	2	3	8	
Total		13	14	22	24	13	25	18	17	21	27	26	21	27	23	21	12	19	17	14	
																					
		MAAS					MAAS					MAAS					MAAS				
Descrição		5/11/2026	5/12/2026	5/13/2026	5/14/2026	5/15/2026	5/18/2026	5/19/2026	5/20/2026	5/21/2026	5/22/2026	5/25/2026	5/26/2026	5/27/2026	5/28/2026	5/29/2026	6/1/2026	6/2/2026	6/3/2026	6/5/2026	6/8/2026
Recebidas pelo Monitor		11	16	18	15	22	13	6	17	16	30	18	15	17	15	13	6	4	5	2	
joao.oliveira		2	11	2	6	11	6	2	10	6	12	8	5	6	7	0	4	1	0	0	
ELTON.DANTAS		9	5	16	9	11	7	4	7	10	18	10	10	11	8	13	2	3	5	2	
Recebidas pela Pré-nota		14	19	15	7	7	16	17	13	10	12	7	12	9	7	13	18	16	20	11	
joao.oliveira		4	5	1	0	2	6	2	3	2	4	1	3	1	4	8	3	8	6	0	
ELTON.DANTAS		10	14	14	7	5	10	15	10	8	8	6	9	8	3	5	15	8	14	11	
Escrituradas pelo robô		10	12	11	12	18	9	4	11	13	18	12	12	11	10	11	1	4	3	1	
joao.oliveira		2	7	2	4	9	5	2	7	3	7	3	4	3	3	0	1	1	0	0	
ELTON.DANTAS		8	5	9	8	9	4	2	4	10	11	9	8	8	7	11	0	3	3	1	
Total		25	35	33	22	29	29	23	30	26	42	25	27	26	22	26	24	20	25	13	